{
 "cells": [
  {
   "cell_type": "code",
   "execution_count": 1,
   "metadata": {},
   "outputs": [],
   "source": [
    "import matplotlib.dates as mdates\n",
    "#from matplotlib.finance import candlestick_ohlc\n",
    "import datetime\n",
    "from pandas import *\n",
    "import matplotlib.mlab as mlab\n",
    "import scipy.signal as signal\n",
    "import matplotlib.pyplot as plt\n",
    "import numpy as np\n",
    "import pandas as pd\n",
    "import seaborn as sns\n",
    "import pandas_datareader.data as pdr\n",
    "import yfinance as yf\n",
    "import datetime as dt\n",
    "import matplotlib.ticker as mticker\n",
    "import functools\n",
    "sns.set()"
   ]
  },
  {
   "cell_type": "code",
   "execution_count": 2,
   "metadata": {
    "scrolled": true
   },
   "outputs": [],
   "source": [
    "class Volume:\n",
    "  def __init__(self, stock, value):\n",
    "    self.stock = stock\n",
    "    self.value = value\n",
    "\n",
    "\n",
    "def yahoo(symbols, start_date, end_date):\n",
    "    yf.pdr_override()       \n",
    "    stocks_yahoo = pdr.get_data_yahoo(symbols, start_date, end_date,   as_panel = False,)\n",
    "    return stocks_yahoo\n",
    "\n",
    "\n",
    "def get_best_stocks(indice_name):\n",
    "    print(f\"2019.09.28 {indice_name}.xls\")\n",
    "    data = pd.read_html(f\"./indices/2019.09.30 {indice_name}.xls\")[0]['Código']\n",
    "    data.to_frame()\n",
    "    data.values\n",
    "    symbols=list(data.values)\n",
    "\n",
    "    Stocks=[]\n",
    "    for symbol in symbols:\n",
    "        if len(symbol)==5:\n",
    "            Stocks.append(symbol)\n",
    "\n",
    "    Stocks=[Stocks[k]+'.SA' for k in range(len(Stocks))]\n",
    "\n",
    "    start_date = dt.datetime.now() - dt.timedelta(days=2*365)\n",
    "    end_date = dt.datetime.now()\n",
    "\n",
    "    all_stocks = yahoo(Stocks, start_date, end_date)\n",
    "    \n",
    "    volumes = all_stocks['Volume']\n",
    "    volumes_columns = list(volumes)\n",
    "\n",
    "    volumes_summation = []\n",
    "    for i in volumes_columns:\n",
    "        volume_object = Volume(i, volumes[i].sum())\n",
    "        volumes_summation.append(volume_object)\n",
    "\n",
    "\n",
    "    volumes_summation.sort(key=lambda x: x.value, reverse=True)\n",
    "    best_volumes = volumes_summation[0:3]\n",
    "    return best_volumes"
   ]
  },
  {
   "cell_type": "code",
   "execution_count": 71,
   "metadata": {
    "scrolled": true
   },
   "outputs": [
    {
     "name": "stdout",
     "output_type": "stream",
     "text": [
      "2019.09.28 IFNC.xls\n",
      "[*********************100%***********************]  15 of 15 downloaded\n",
      "2019.09.28 IMOB.xls\n",
      "[*********************100%***********************]  14 of 14 downloaded\n",
      "2019.09.28 ICON.xls\n",
      "[*********************100%***********************]  54 of 54 downloaded\n",
      "2019.09.28 UTIL.xls\n",
      "[*********************100%***********************]  17 of 17 downloaded\n",
      "2019.09.28 IEE.xls\n",
      "[*********************100%***********************]  15 of 15 downloaded\n"
     ]
    }
   ],
   "source": [
    "indices = [\"IFNC\", \"IMOB\", \"ICON\", \"UTIL\", \"IEE\"]\n",
    "best_indices = []\n",
    "for indice in indices:\n",
    "    best_stocks = get_best_stocks(indice)\n",
    "    best_indices.append(best_stocks[0].stock)\n",
    "    best_indices.append(best_stocks[1].stock)\n",
    "    best_indices.append(best_stocks[2].stock)"
   ]
  },
  {
   "cell_type": "code",
   "execution_count": 118,
   "metadata": {
    "scrolled": false
   },
   "outputs": [
    {
     "name": "stdout",
     "output_type": "stream",
     "text": [
      "[*********************100%***********************]  12 of 12 downloaded\n"
     ]
    }
   ],
   "source": [
    "start_date = dt.datetime.now() - dt.timedelta(days=2*365)\n",
    "end_date = dt.datetime.now()\n",
    "\n",
    "stocks = yahoo(best_indices, start_date, end_date)"
   ]
  },
  {
   "cell_type": "code",
   "execution_count": 121,
   "metadata": {
    "scrolled": false
   },
   "outputs": [
    {
     "data": {
      "text/html": [
       "<div>\n",
       "<style scoped>\n",
       "    .dataframe tbody tr th:only-of-type {\n",
       "        vertical-align: middle;\n",
       "    }\n",
       "\n",
       "    .dataframe tbody tr th {\n",
       "        vertical-align: top;\n",
       "    }\n",
       "\n",
       "    .dataframe thead th {\n",
       "        text-align: right;\n",
       "    }\n",
       "</style>\n",
       "<table border=\"1\" class=\"dataframe\">\n",
       "  <thead>\n",
       "    <tr style=\"text-align: right;\">\n",
       "      <th></th>\n",
       "      <th>ABEV3.SA</th>\n",
       "      <th>BBDC4.SA</th>\n",
       "      <th>BRML3.SA</th>\n",
       "      <th>CMIG4.SA</th>\n",
       "      <th>ELET3.SA</th>\n",
       "      <th>ENBR3.SA</th>\n",
       "      <th>ITSA4.SA</th>\n",
       "      <th>ITUB4.SA</th>\n",
       "      <th>KROT3.SA</th>\n",
       "      <th>MGLU3.SA</th>\n",
       "      <th>MRVE3.SA</th>\n",
       "      <th>TCSA3.SA</th>\n",
       "    </tr>\n",
       "  </thead>\n",
       "  <tbody>\n",
       "    <tr>\n",
       "      <th>ABEV3.SA</th>\n",
       "      <td>1.000000</td>\n",
       "      <td>0.349939</td>\n",
       "      <td>0.268092</td>\n",
       "      <td>0.236979</td>\n",
       "      <td>0.189265</td>\n",
       "      <td>0.202175</td>\n",
       "      <td>0.374540</td>\n",
       "      <td>0.366619</td>\n",
       "      <td>0.262313</td>\n",
       "      <td>0.251185</td>\n",
       "      <td>0.221545</td>\n",
       "      <td>0.161104</td>\n",
       "    </tr>\n",
       "    <tr>\n",
       "      <th>BBDC4.SA</th>\n",
       "      <td>0.349939</td>\n",
       "      <td>1.000000</td>\n",
       "      <td>0.547831</td>\n",
       "      <td>0.549621</td>\n",
       "      <td>0.498405</td>\n",
       "      <td>0.377013</td>\n",
       "      <td>0.831984</td>\n",
       "      <td>0.860789</td>\n",
       "      <td>0.415053</td>\n",
       "      <td>0.381044</td>\n",
       "      <td>0.424064</td>\n",
       "      <td>0.305726</td>\n",
       "    </tr>\n",
       "    <tr>\n",
       "      <th>BRML3.SA</th>\n",
       "      <td>0.268092</td>\n",
       "      <td>0.547831</td>\n",
       "      <td>1.000000</td>\n",
       "      <td>0.526215</td>\n",
       "      <td>0.400515</td>\n",
       "      <td>0.266728</td>\n",
       "      <td>0.558354</td>\n",
       "      <td>0.526727</td>\n",
       "      <td>0.436537</td>\n",
       "      <td>0.386318</td>\n",
       "      <td>0.404441</td>\n",
       "      <td>0.323364</td>\n",
       "    </tr>\n",
       "    <tr>\n",
       "      <th>CMIG4.SA</th>\n",
       "      <td>0.236979</td>\n",
       "      <td>0.549621</td>\n",
       "      <td>0.526215</td>\n",
       "      <td>1.000000</td>\n",
       "      <td>0.491892</td>\n",
       "      <td>0.340877</td>\n",
       "      <td>0.537643</td>\n",
       "      <td>0.529648</td>\n",
       "      <td>0.329811</td>\n",
       "      <td>0.407469</td>\n",
       "      <td>0.382303</td>\n",
       "      <td>0.308620</td>\n",
       "    </tr>\n",
       "    <tr>\n",
       "      <th>ELET3.SA</th>\n",
       "      <td>0.189265</td>\n",
       "      <td>0.498405</td>\n",
       "      <td>0.400515</td>\n",
       "      <td>0.491892</td>\n",
       "      <td>1.000000</td>\n",
       "      <td>0.384237</td>\n",
       "      <td>0.461997</td>\n",
       "      <td>0.462983</td>\n",
       "      <td>0.266310</td>\n",
       "      <td>0.276155</td>\n",
       "      <td>0.326531</td>\n",
       "      <td>0.233174</td>\n",
       "    </tr>\n",
       "    <tr>\n",
       "      <th>ENBR3.SA</th>\n",
       "      <td>0.202175</td>\n",
       "      <td>0.377013</td>\n",
       "      <td>0.266728</td>\n",
       "      <td>0.340877</td>\n",
       "      <td>0.384237</td>\n",
       "      <td>1.000000</td>\n",
       "      <td>0.403267</td>\n",
       "      <td>0.380063</td>\n",
       "      <td>0.154087</td>\n",
       "      <td>0.244747</td>\n",
       "      <td>0.306736</td>\n",
       "      <td>0.200113</td>\n",
       "    </tr>\n",
       "    <tr>\n",
       "      <th>ITSA4.SA</th>\n",
       "      <td>0.374540</td>\n",
       "      <td>0.831984</td>\n",
       "      <td>0.558354</td>\n",
       "      <td>0.537643</td>\n",
       "      <td>0.461997</td>\n",
       "      <td>0.403267</td>\n",
       "      <td>1.000000</td>\n",
       "      <td>0.911992</td>\n",
       "      <td>0.426746</td>\n",
       "      <td>0.385150</td>\n",
       "      <td>0.435817</td>\n",
       "      <td>0.312128</td>\n",
       "    </tr>\n",
       "    <tr>\n",
       "      <th>ITUB4.SA</th>\n",
       "      <td>0.366619</td>\n",
       "      <td>0.860789</td>\n",
       "      <td>0.526727</td>\n",
       "      <td>0.529648</td>\n",
       "      <td>0.462983</td>\n",
       "      <td>0.380063</td>\n",
       "      <td>0.911992</td>\n",
       "      <td>1.000000</td>\n",
       "      <td>0.411080</td>\n",
       "      <td>0.389163</td>\n",
       "      <td>0.412748</td>\n",
       "      <td>0.304999</td>\n",
       "    </tr>\n",
       "    <tr>\n",
       "      <th>KROT3.SA</th>\n",
       "      <td>0.262313</td>\n",
       "      <td>0.415053</td>\n",
       "      <td>0.436537</td>\n",
       "      <td>0.329811</td>\n",
       "      <td>0.266310</td>\n",
       "      <td>0.154087</td>\n",
       "      <td>0.426746</td>\n",
       "      <td>0.411080</td>\n",
       "      <td>1.000000</td>\n",
       "      <td>0.299912</td>\n",
       "      <td>0.330597</td>\n",
       "      <td>0.229898</td>\n",
       "    </tr>\n",
       "    <tr>\n",
       "      <th>MGLU3.SA</th>\n",
       "      <td>0.251185</td>\n",
       "      <td>0.381044</td>\n",
       "      <td>0.386318</td>\n",
       "      <td>0.407469</td>\n",
       "      <td>0.276155</td>\n",
       "      <td>0.244747</td>\n",
       "      <td>0.385150</td>\n",
       "      <td>0.389163</td>\n",
       "      <td>0.299912</td>\n",
       "      <td>1.000000</td>\n",
       "      <td>0.263218</td>\n",
       "      <td>0.214871</td>\n",
       "    </tr>\n",
       "    <tr>\n",
       "      <th>MRVE3.SA</th>\n",
       "      <td>0.221545</td>\n",
       "      <td>0.424064</td>\n",
       "      <td>0.404441</td>\n",
       "      <td>0.382303</td>\n",
       "      <td>0.326531</td>\n",
       "      <td>0.306736</td>\n",
       "      <td>0.435817</td>\n",
       "      <td>0.412748</td>\n",
       "      <td>0.330597</td>\n",
       "      <td>0.263218</td>\n",
       "      <td>1.000000</td>\n",
       "      <td>0.268614</td>\n",
       "    </tr>\n",
       "    <tr>\n",
       "      <th>TCSA3.SA</th>\n",
       "      <td>0.161104</td>\n",
       "      <td>0.305726</td>\n",
       "      <td>0.323364</td>\n",
       "      <td>0.308620</td>\n",
       "      <td>0.233174</td>\n",
       "      <td>0.200113</td>\n",
       "      <td>0.312128</td>\n",
       "      <td>0.304999</td>\n",
       "      <td>0.229898</td>\n",
       "      <td>0.214871</td>\n",
       "      <td>0.268614</td>\n",
       "      <td>1.000000</td>\n",
       "    </tr>\n",
       "  </tbody>\n",
       "</table>\n",
       "</div>"
      ],
      "text/plain": [
       "          ABEV3.SA  BBDC4.SA  BRML3.SA  CMIG4.SA  ELET3.SA  ENBR3.SA  \\\n",
       "ABEV3.SA  1.000000  0.349939  0.268092  0.236979  0.189265  0.202175   \n",
       "BBDC4.SA  0.349939  1.000000  0.547831  0.549621  0.498405  0.377013   \n",
       "BRML3.SA  0.268092  0.547831  1.000000  0.526215  0.400515  0.266728   \n",
       "CMIG4.SA  0.236979  0.549621  0.526215  1.000000  0.491892  0.340877   \n",
       "ELET3.SA  0.189265  0.498405  0.400515  0.491892  1.000000  0.384237   \n",
       "ENBR3.SA  0.202175  0.377013  0.266728  0.340877  0.384237  1.000000   \n",
       "ITSA4.SA  0.374540  0.831984  0.558354  0.537643  0.461997  0.403267   \n",
       "ITUB4.SA  0.366619  0.860789  0.526727  0.529648  0.462983  0.380063   \n",
       "KROT3.SA  0.262313  0.415053  0.436537  0.329811  0.266310  0.154087   \n",
       "MGLU3.SA  0.251185  0.381044  0.386318  0.407469  0.276155  0.244747   \n",
       "MRVE3.SA  0.221545  0.424064  0.404441  0.382303  0.326531  0.306736   \n",
       "TCSA3.SA  0.161104  0.305726  0.323364  0.308620  0.233174  0.200113   \n",
       "\n",
       "          ITSA4.SA  ITUB4.SA  KROT3.SA  MGLU3.SA  MRVE3.SA  TCSA3.SA  \n",
       "ABEV3.SA  0.374540  0.366619  0.262313  0.251185  0.221545  0.161104  \n",
       "BBDC4.SA  0.831984  0.860789  0.415053  0.381044  0.424064  0.305726  \n",
       "BRML3.SA  0.558354  0.526727  0.436537  0.386318  0.404441  0.323364  \n",
       "CMIG4.SA  0.537643  0.529648  0.329811  0.407469  0.382303  0.308620  \n",
       "ELET3.SA  0.461997  0.462983  0.266310  0.276155  0.326531  0.233174  \n",
       "ENBR3.SA  0.403267  0.380063  0.154087  0.244747  0.306736  0.200113  \n",
       "ITSA4.SA  1.000000  0.911992  0.426746  0.385150  0.435817  0.312128  \n",
       "ITUB4.SA  0.911992  1.000000  0.411080  0.389163  0.412748  0.304999  \n",
       "KROT3.SA  0.426746  0.411080  1.000000  0.299912  0.330597  0.229898  \n",
       "MGLU3.SA  0.385150  0.389163  0.299912  1.000000  0.263218  0.214871  \n",
       "MRVE3.SA  0.435817  0.412748  0.330597  0.263218  1.000000  0.268614  \n",
       "TCSA3.SA  0.312128  0.304999  0.229898  0.214871  0.268614  1.000000  "
      ]
     },
     "execution_count": 121,
     "metadata": {},
     "output_type": "execute_result"
    }
   ],
   "source": [
    "stocks_corr = stocks['Adj Close'].pct_change().iloc[1:].corr()\n",
    "fig = plt.subplots(figsize=(25,25))\n",
    "ax2=plt.subplot(1,1,1)  \n",
    "sns.heatmap(market_corr, annot=True, linewidths=1.5, ax=ax2)\n",
    "\n",
    "ax2.set_ylabel(\"Indices\",fontsize=20)  \n",
    "ax2.set_xlabel(\"Indices\",fontsize=20)  \n",
    "ax2.set_title(\"Correlação entre os ativos\",fontsize=20)    "
   ]
  },
  {
   "cell_type": "code",
   "execution_count": null,
   "metadata": {},
   "outputs": [],
   "source": []
  }
 ],
 "metadata": {
  "kernelspec": {
   "display_name": "Python 3",
   "language": "python",
   "name": "python3"
  },
  "language_info": {
   "codemirror_mode": {
    "name": "ipython",
    "version": 3
   },
   "file_extension": ".py",
   "mimetype": "text/x-python",
   "name": "python",
   "nbconvert_exporter": "python",
   "pygments_lexer": "ipython3",
   "version": "3.7.3"
  }
 },
 "nbformat": 4,
 "nbformat_minor": 2
}
